fare_id,route_id,origin_id,destination_id,contains_id
464227,,81790,81794,
464227,,81794,81790,
464226,,81791,81794,
464226,,81790,81793,
464226,,81794,81791,
464226,,81793,81790,
464225,,81789,81794,
464225,,81791,81793,
464225,,81790,81792,
464225,,81794,81789,
464225,,81793,81791,
464225,,81792,81790,
464224,,81789,81790,
464224,,81789,81793,
464224,,81791,81792,
464224,,81790,81789,
464224,,81794,81792,
464224,,81793,81789,
464224,,81792,81791,
464224,,81792,81794,
464223,,81789,81791,
464223,,81789,81792,
464223,,81791,81789,
464223,,81791,81790,
464223,,81790,81791,
464223,,81794,81793,
464223,,81793,81794,
464223,,81793,81792,
464223,,81792,81789,
464223,,81792,81793,
464222,,81789,81789,
464222,,81791,81791,
464222,,81790,81790,
464222,,81794,81794,
464222,,81793,81793,
464222,,81792,81792,